D = [0.09068362406128219, -0.16855671757175283, 0.0008599788086546474, -0.003329895732330754, 0.0]
K = [914.5869046917796, 0.0, 641.7376680602936, 0.0, 918.2930600797263, 362.2326623736166, 0.0, 0.0, 1.0]
R = [1.0, 0.0, 0.0, 0.0, 1.0, 0.0, 0.0, 0.0, 1.0]
P = [917.7261352539062, 0.0, 636.5985728118176, 0.0, 0.0, 930.2999877929688, 362.1766430180651, 0.0, 0.0, 0.0, 1.0, 0.0]
None
# oST version 5.0 parameters


[image]

width
1280

height
720

[narrow_stereo]

camera matrix
914.586905 0.000000 641.737668
0.000000 918.293060 362.232662
0.000000 0.000000 1.000000

distortion
0.090684 -0.168557 0.000860 -0.003330 0.000000

rectification
1.000000 0.000000 0.000000
0.000000 1.000000 0.000000
0.000000 0.000000 1.000000

projection
917.726135 0.000000 636.598573 0.000000
0.000000 930.299988 362.176643 0.000000
0.000000 0.000000 1.000000 0.000000




[image]

width
1280

height
720

[narrow_stereo]

camera matrix
919.698809 0.000000 642.002340
0.000000 923.606560 358.760630
0.000000 0.000000 1.000000

distortion
0.108427 -0.198669 -0.000221 -0.001991 0.000000

rectification
1.000000 0.000000 0.000000
0.000000 1.000000 0.000000
0.000000 0.000000 1.000000

projection
924.878418 0.000000 638.824213 0.000000
0.000000 937.220032 358.149329 0.000000
0.000000 0.000000 1.000000 0.000000





width
640

height
480

[narrow_stereo]

camera matrix
608.004079 0.000000 325.521948
0.000000 609.982971 236.254911
0.000000 0.000000 1.000000

distortion
0.135852 -0.259553 -0.001499 0.000070 0.000000

rectification
1.000000 0.000000 0.000000
0.000000 1.000000 0.000000
0.000000 0.000000 1.000000

projection
617.976318 0.000000 325.075890 0.000000
0.000000 619.433533 235.226883 0.000000
0.000000 0.000000 1.000000 0.000000


