#camera_matrix: [917.828857, 0.000000  ,646.0  ,0.000000,
 #                0.000000  ,925.069885 , 372.912666 ,0.000000, 
  #               0.000000  ,0.000000   ,1.000000    ,0.000000]

camera_matrix: [605.1937255859375, 0.000000  ,316.9394226074219  ,0.000000,
                 0.000000  ,604.9555053710938, 243.18800354003906 ,0.000000, 
                 0.000000  ,0.000000   ,1.000000    ,0.000000]


#tdc: [ 0.0325, 0.0, -0.0300]

#D: [0.0, 0.0, 0.0, 0.0, 0.0]
#K: [920.1517333984375, 0.0, 640.1683349609375, 0.0, 920.3486328125, 364.50323486328125, 0.0, 0.0, 1.0]
#R: [1.0, 0.0, 0.0, 0.0, 1.0, 0.0, 0.0, 0.0, 1.0]
#P: [920.1517333984375, 0.0, 640.1683349609375, 0.0, 0.0, 920.3486328125, 364.50323486328125, 0.0, 0.0, 0.0, 1.0, 0.0]


#915.828857, 0.000000  ,644.015094  ,0.000000,
  #               0.000000  ,925.069885 , 372.912666 ,0.000000, 
   #              0.000000  ,0.000000   ,1.000000    ,0.000000]



rc: [0.0,     -1.0,     0.0,      
      -1.0,     0.0,     0.0,        
      0.0,     0.0,    -1.0 ]


tc: [0.0, 0.0325, -0.0300]

spxd: [  96.0  ,  3.3, 
        -119.0 , -1.69,
         100.0 , -103.69,
        -116.0 , -109.69]