#camera_matrix: [770.575867, 0.000000,   319.001556, 0.000000
 #               ,0.000000,  770.891785, 238.297930, 0.000000
  #              ,0.000000,  0.000000,   1.000000,   0.000000]

camera_matrix: [204.0,      0.000000,   318.0, 0.000000
                ,0.000000,  204.0,      238.69, 0.000000
                ,0.000000,  0.000000,   1.000000,   0.000000]

#rdc: [0.0,     -1.0,    0.0000,      
#      0.0,    0.0000,      -1.0,        
#   1.0,         0.0,        0.0    ]

rc: [0.0,     -1.0,     0.0,      
      -1.0,     0.0,     0.0,        
      0.0,     0.0,    -1.0 ]



# rc: [0.0,     0.0,     1.0,      
#       -1.0,     0.0,     0.0,        
#       0.0,     -1.0,    0.0 ]


 
tc: [ 0.0, 0.0, 0.0]


spxd: [  96.0  ,  3.3, 
        -119.0 , -1.69,
         100.0 , -103.69,
        -116.0 , -109.69]
        



# spxd: [ 308.0, 172.0, 
#         311.0, 387.0]


# spxd:        [-63.0, 44.31,
# -63.0, -17.69]
# # -1.0, -17.69,
# # -1.0, 44.31]



#lambda: [ 1.0, 1.0, 1.0, 1.0, 1.0, 1.0, 1.0, 1.0]
# lambda: [50.0, 50.0, 50.0, 50.0, 50.0, 50.0, 50.0, 50.0]
lambda: [1.0, 1.0, 1.0, 50.0, 50.0, 1.0, 1.0, 1.0]


