camera_matrix: [605.1937255859375, 0.000000  ,316.9394226074219  ,0.000000,
                 0.000000  ,604.9555053710938, 243.18800354003906 ,0.000000, 
                 0.000000  ,0.000000   ,1.000000    ,0.000000]


rc: [0.0,     -1.0,     0.0,      
      -1.0,     0.0,     0.0,        
      0.0,     0.0,    -1.0 ]


tc: [0.11, 0.0325, -0.0300]


spxd: [  96.0  ,  3.3, 
        -119.0 , -1.69,
         100.0 , -103.69,
        -116.0 , -109.69]

lambda: [1.0, 1.0, 1.0, 50.0, 50.0, 1.0, 1.0, 1.0]