camera_matrix: [204.0,      0.000000,   318.0, 0.000000
                ,0.000000,  204.0,      238.69, 0.000000
                ,0.000000,  0.000000,   1.000000,   0.000000]


rc: [0.0,     -1.0,     0.0,      
      -1.0,     0.0,     0.0,        
      0.0,     0.0,    -1.0 ]

 
tc: [ 0.0, 0.0, 0.0]


spxd: [  96.0  ,  3.3, 
        -119.0 , -1.69,
         100.0 , -103.69,
        -116.0 , -109.69]
        
lambda: [1.0, 1.0, 1.0, 50.0, 50.0, 1.0, 1.0, 1.0]


