camera_matrix: [204.0,      0.000000,   318.0, 0.000000
                ,0.000000,  204.0,      238.69, 0.000000
                ,0.000000,  0.000000,   1.000000,   0.000000]


rc: [0.0,     -1.0,     0.0,      
      -1.0,     0.0,     0.0,        
      0.0,     0.0,    -1.0 ]

 
tc: [0.11, 0.0, -0.0300]


spxd: [  96.0  ,  3.3, 
        -119.0 , -1.69,
         100.0 , -103.69,
        -116.0 , -109.69]
        
      #ganancias para el control servovisual
      # lambda[0] = ganancias para el error en r
      # lambda[1] = ganancias para el error en theta
      # lambda[2] = ganancias para espacio nulo 
      # lambda[3] = ganancias de espacio nulo angular en x
      # lambda[4] = ganancias de espacio nulo angular en y
      # lambda[5 - 7] = no se esta usando

lambda: [1.0, 0.5, 1.0, 50.0, 50.0, 1.0, 1.0, 1.0]


